,--------------------------------------------.      ,--------------------------------------------.
|    0   |  1  |  2  |  3  |  4  |  5  |  6  |      | 38  | 39  | 40  | 41  | 42  | 43  | 44     |
|--------+-----+-----+-----+-----+-----+-----|      |-----+-----+-----+-----+-----+-----+--------|
|    7   |  8  |  9  | 10  | 11  | 12  | 13  |      | 45  | 46  | 47  | 48  | 49  | 50  | 51     |
|--------+-----+-----+-----+-----+-----|     |      |     |-----+-----+-----+-----+-----+--------|
|   14   | 15  | 16  | 17  | 18  | 19  |-----|      |-----| 52  | 53  | 54  | 55  | 56  | 57     |
|--------+-----+-----+-----+-----+-----| 26  |      | 58  |-----+-----+-----+-----+-----+--------|
|   20   | 21  | 22  | 23  | 24  | 25  |     |      |     | 59  | 60  | 61  | 62  | 63  | 64     |
`--------+-----+-----+-----+-----+-----------'      `-----------+-----+-----+-----+-----+--------'
   | 27  | 28  | 29  | 30  | 31  |                              | 65  | 66  | 67  | 68  | 69  |
   `-----------------------------' ,-----------.  ,-----------. `-----------------------------'
                                   | 32  | 33  |  | 70  | 71  |
                             ,-----|-----|-----|  |-----+-----+-----.
                             |     |     | 34  |  | 72  |     |     |
                             | 35  | 36  |-----|  |-----| 74  | 75  |
                             |     |     | 37  |  | 73  |     |     |
                             `-----------------'  `-----------------'
